10
23 22
2 3
2 4
4 5
2 9
9 11
9 13
2 22
5 12
12 1
1 8
5 10
13 7
5 19
12 20
5 18
10 6
7 16
2 23
2 14
16 21
3 15
4 17
15
12
14
22
9
17
12
15
12
13
1
16
20
4
5
9
8 7
5 6
5 7
6 4
6 3
4 1
4 8
4 2
8
5
8
3
1
6
4
7
7
17 16
11 4
11 3
11 16
4 8
3 17
11 2
11 6
6 5
17 1
3 10
11 15
3 13
8 12
10 9
4 14
1 7
5
10
11
17
2
9
4 3
1 3
3 4
4 2
13
1
4
2
2
1
2
3
3
1
2
1
1
4
30 29
22 14
14 13
22 8
8 27
13 26
13 21
26 29
22 5
5 3
3 30
30 10
22 24
30 12
26 6
8 1
24 25
13 23
22 4
23 18
1 16
10 20
5 2
2 19
16 7
30 9
5 11
22 28
1 17
20 15
8
15
27
29
22
14
29
18
18
1 0
7
1
1
1
1
1
1
1
3 2
2 3
3 1
2
3
2
21 20
12 15
15 7
7 2
7 8
8 14
7 21
8 10
12 4
14 18
21 13
10 11
15 17
7 9
17 1
12 20
14 6
9 5
10 19
8 3
11 16
6
11
12
7
12
1
15
25 24
20 2
20 1
1 3
1 17
3 6
1 15
1 9
9 10
20 12
9 25
3 5
5 18
12 8
1 14
2 11
17 23
1 16
20 13
25 4
20 19
2 22
20 7
15 21
7 24
3
20
12
23
5 4
4 3
4 5
5 2
2 1
10
1
3
4
5
3
1
1
4
5
3
